0,0.018816,0.015969,0.009187,0.0063454,0.0062729,0.0061261,0.004551,0.0032435,0.0033114,0.002923,0.0017782,0.0015648,0.0017426,0.0011147,0.00092109,0.00080283,0.00062269,0.00052692,0.00051846,0.00044883
0,0.0093732,0.0080635,0.0080782,0.0069261,0.005613,0.0041056,0.0039131,0.0030439,0.0028729,0.0021931,0.0018323,0.0021369,0.0015212,0.001144,0.0012755,0.0010306,0.00064369,0.00061415,0.00062944,0.00044966
0,0.0038739,0.0060418,0.0066588,0.0059536,0.0049383,0.0041815,0.0043156,0.0026006,0.0027978,0.0025061,0.0017588,0.0016106,0.0013283,0.001339,0.00098135,0.0012116,0.00072725,0.00062701,0.00050458,0.00048084
0,0.001472,0.0042997,0.0048067,0.0044598,0.0040505,0.004067,0.003164,0.0028692,0.0023362,0.0022142,0.0020259,0.002163,0.0016295,0.0014663,0.0010488,0.00088442,0.00073244,0.00084158,0.0004983,0.00044235
0,0.00072741,0.0031752,0.0037952,0.0042428,0.0039176,0.0037963,0.0033282,0.0025355,0.0030349,0.0021087,0.0020566,0.0014784,0.001259,0.0012642,0.0011043,0.0010113,0.00069045,0.00088015,0.00053481,0.00043119
0,0.00027963,0.0020514,0.0031952,0.0031447,0.003306,0.0036749,0.0030242,0.002408,0.0021597,0.0020185,0.0016255,0.0017209,0.0012174,0.0011689,0.0010172,0.00084544,0.00072816,0.00057416,0.00050398,0.00045153
0,0.00010173,0.0014302,0.0027269,0.0030262,0.0030304,0.0030308,0.0025296,0.0026463,0.0020587,0.0017423,0.0015856,0.0015364,0.0016915,0.0014962,0.0012357,0.0010628,0.0008525,0.00057847,0.00055713,0.00051168
0,4.0531e-05,0.00074891,0.0019759,0.0025944,0.0025432,0.0023864,0.0029627,0.0023935,0.0019944,0.0020845,0.0016223,0.0014392,0.0013406,0.0015551,0.0008736,0.00095403,0.00066314,0.00060088,0.0005127,0.00043021
0,2.0454e-05,0.00055943,0.001352,0.0017826,0.0023381,0.0020504,0.002061,0.0020401,0.0019101,0.0018201,0.0017532,0.0013074,0.0011791,0.0012974,0.00097177,0.0010233,0.00070314,0.00059377,0.00057994,0.0004663
0,6.9539e-06,0.00032789,0.001244,0.0015536,0.0020599,0.0016962,0.0018568,0.0024224,0.0018005,0.0018456,0.0013783,0.0016094,0.0014277,0.0011328,0.00098789,0.00082549,0.00067074,0.00063333,0.00064832,0.00066301
0,2.8332e-06,0.0002193,0.00088035,0.0014454,0.0016177,0.0019623,0.0017559,0.0018565,0.0018601,0.0015229,0.0015234,0.001202,0.0012401,0.0014109,0.00097947,0.00075178,0.00079989,0.0005744,0.00075661,0.00046925
0,1.0064e-06,0.00016375,0.00060601,0.0011171,0.0014569,0.0014965,0.0018008,0.001826,0.0018761,0.0014319,0.0013935,0.0012272,0.0012892,0.0011684,0.00087194,0.00075268,0.00084041,0.00067949,0.00068536,0.00064593
0,3.463e-07,9.4615e-05,0.00042868,0.00088802,0.001117,0.0016339,0.001787,0.0015124,0.0016155,0.0015113,0.001324,0.0015372,0.0011386,0.00089244,0.0010026,0.00075401,0.00064849,0.00060085,0.00055062,0.00047437
0,1.3014e-07,6.0626e-05,0.00036004,0.00072008,0.00092357,0.0013156,0.0011753,0.0016299,0.0015454,0.001264,0.0012289,0.0012525,0.00096807,0.00097199,0.00078526,0.00074508,0.00081235,0.00065062,0.00052278,0.00045242
0,5.9446e-08,4.1098e-05,0.00025933,0.00052799,0.00082424,0.0011538,0.0011423,0.0013782,0.0011638,0.0012421,0.001137,0.0010771,0.00093574,0.0010032,0.0011972,0.0007189,0.00063068,0.0005399,0.00051541,0.00046002
0,2.2014e-08,2.442e-05,0.00019278,0.00048189,0.00070171,0.0010657,0.0011771,0.001461,0.0011013,0.0011223,0.0011733,0.00098856,0.0010623,0.00094464,0.00079536,0.00076201,0.00069948,0.00059058,0.00053495,0.00054069
0,9.3097e-09,1.6208e-05,0.00015091,0.00038407,0.00067854,0.00088581,0.00098467,0.001006,0.0011765,0.0010032,0.001237,0.0011123,0.0010126,0.00083783,0.00080095,0.00080776,0.00069171,0.00052468,0.00051392,0.00045892
0,3.2562e-09,1.0296e-05,0.00011459,0.00030025,0.0005471,0.00065361,0.00098468,0.00094346,0.00092573,0.00095859,0.0010565,0.001033,0.00097951,0.00080518,0.00087782,0.00067966,0.00074019,0.00055144,0.00051564,0.00043107
0,1.2778e-09,6.0134e-06,8.3638e-05,0.00025566,0.00048415,0.00070296,0.0008742,0.00096931,0.00096941,0.0010844,0.00098216,0.00084307,0.0010453,0.00082024,0.00092308,0.00067986,0.00055677,0.000509,0.00044168,0.00042314
0,3.9747e-10,3.5304e-06,6.0023e-05,0.00019547,0.00032866,0.00051662,0.00070846,0.00076485,0.00090355,0.0010218,0.0010884,0.00081341,0.00091732,0.00071311,0.00087761,0.00070008,0.00068691,0.00056598,0.00050016,0.0005574
0,1.8637e-10,2.0458e-06,3.8484e-05,0.00016523,0.00032536,0.00046761,0.00064011,0.00071835,0.00086925,0.00084544,0.00094595,0.00075208,0.00072246,0.00067199,0.00061231,0.00066843,0.00072802,0.00054434,0.00056245,0.00046769
