0.00019226,0.00022497,0.00020241,0.00014062,8.854e-05,5.5575e-05,3.9001e-05,2.4284e-05,1.5923e-05,8.193e-06,6.0913e-06,2.4733e-06
3.394e-05,0.00010562,0.000139,0.00011828,8.212e-05,5.4406e-05,4.1426e-05,2.9234e-05,1.886e-05,1.3772e-05,9.3296e-06,5.5768e-06
1.3173e-06,4.0863e-05,8.6544e-05,9.2426e-05,7.2424e-05,4.8602e-05,3.6538e-05,2.7928e-05,2.1184e-05,1.515e-05,1.1759e-05,7.2641e-06
0,1.2924e-05,4.757e-05,6.8634e-05,6.1146e-05,4.6003e-05,3.323e-05,2.6242e-05,2.1604e-05,1.6183e-05,1.2004e-05,8.6383e-06
0,1.6797e-06,2.2803e-05,4.7053e-05,5.2407e-05,4.091e-05,2.8976e-05,2.3746e-05,1.9774e-05,1.5721e-05,1.2455e-05,8.9885e-06
0,8.4859e-08,8.5365e-06,2.935e-05,4.3223e-05,3.6435e-05,2.6249e-05,1.9548e-05,1.8348e-05,1.5542e-05,1.2902e-05,9.4846e-06
0,0,2.0492e-06,1.5923e-05,3.2185e-05,3.1693e-05,2.3968e-05,1.7369e-05,1.4816e-05,1.3925e-05,1.1284e-05,9.7445e-06
0,0,3.3033e-07,6.9132e-06,2.125e-05,2.9048e-05,2.3659e-05,1.6123e-05,1.2286e-05,1.2092e-05,1.0879e-05,9.0547e-06
0,0,1.4728e-08,2.1704e-06,1.2587e-05,2.2737e-05,2.2389e-05,1.6233e-05,1.116e-05,1.0062e-05,1.0087e-05,8.9243e-06
0,0,0,5.9223e-07,6.2482e-06,1.6472e-05,2.0707e-05,1.5933e-05,1.0179e-05,7.353e-06,8.7797e-06,8.3764e-06
0,0,0,1.0676e-07,2.4785e-06,1.0633e-05,1.7926e-05,1.6108e-05,1.0712e-05,6.7366e-06,6.9065e-06,7.3288e-06
0,0,0,2.4375e-09,8.5482e-07,5.9023e-06,1.2977e-05,1.5957e-05,1.1038e-05,6.9999e-06,4.7951e-06,6.0698e-06
0,0,0,0,2.6097e-07,2.6486e-06,8.6844e-06,1.4038e-05,1.2085e-05,7.5064e-06,4.4931e-06,5.0101e-06
0,0,0,0,4.0361e-08,1.0948e-06,5.2322e-06,1.0597e-05,1.2465e-05,8.2193e-06,4.4696e-06,3.4169e-06
0,0,0,0,2.848e-10,4.1142e-07,2.7703e-06,7.7577e-06,1.1319e-05,9.3836e-06,5.2596e-06,2.6156e-06
0,0,0,0,0,1.18e-07,1.3216e-06,4.7293e-06,9.028e-06,9.9522e-06,6.5353e-06,3.2226e-06
