NaN,24.236,22.972,21.559,20.098,18.748,17.619,16.755,16.072,15.568,15.154,14.862,14.618,14.419,14.281,14.141,14.041,13.961,13.889,13.837,13.782
NaN,24.292,23.008,21.65,20.179,18.806,17.665,16.789,16.109,15.604,15.211,14.897,14.646,14.456,14.301,14.17,14.059,13.973,13.911,13.852,13.8
NaN,24.297,23.112,21.693,20.208,18.859,17.734,16.853,16.177,15.655,15.234,14.924,14.681,14.483,14.322,14.193,14.09,13.996,13.919,13.874,13.814
NaN,24.274,23.078,21.735,20.264,18.901,17.791,16.882,16.199,15.684,15.261,14.963,14.704,14.505,14.338,14.211,14.101,14.016,13.941,13.879,13.824
NaN,24.3,23.135,21.756,20.289,18.96,17.827,16.922,16.22,15.709,15.309,14.978,14.733,14.533,14.361,14.238,14.116,14.026,13.948,13.888,13.842
NaN,24.346,23.125,21.774,20.346,18.981,17.885,16.962,16.273,15.733,15.318,15.007,14.742,14.55,14.388,14.245,14.135,14.039,13.971,13.896,13.852
NaN,24.314,23.176,21.805,20.359,19.026,17.867,16.977,16.302,15.766,15.345,15.013,14.765,14.573,14.392,14.258,14.146,14.055,13.979,13.919,13.857
NaN,24.32,23.179,21.86,20.427,19.07,17.936,17.023,16.319,15.807,15.365,15.039,14.785,14.587,14.409,14.272,14.16,14.071,13.994,13.923,13.869
NaN,24.388,23.211,21.846,20.45,19.085,17.962,17.069,16.358,15.812,15.38,15.062,14.801,14.609,14.435,14.296,14.172,14.08,14.003,13.939,13.875
NaN,24.336,23.182,21.879,20.451,19.136,17.951,17.091,16.377,15.831,15.411,15.076,14.825,14.605,14.44,14.298,14.198,14.098,14.01,13.943,13.885
NaN,24.379,23.196,21.867,20.477,19.129,18.024,17.114,16.401,15.85,15.431,15.08,14.833,14.624,14.45,14.316,14.194,14.112,14.027,13.953,13.9
NaN,24.349,23.247,21.903,20.513,19.164,18.039,17.142,16.432,15.886,15.433,15.101,14.847,14.636,14.469,14.315,14.207,14.101,14.023,13.959,13.911
NaN,24.325,23.212,21.922,20.496,19.169,18.042,17.125,16.423,15.899,15.469,15.126,14.865,14.651,14.483,14.333,14.218,14.124,14.048,13.968,13.914
NaN,24.31,23.207,21.945,20.527,19.154,18.087,17.167,16.439,15.902,15.482,15.146,14.871,14.666,14.482,14.348,14.224,14.124,14.041,13.98,13.919
NaN,24.37,23.243,21.943,20.546,19.232,18.076,17.195,16.479,15.934,15.505,15.144,14.884,14.664,14.496,14.35,14.24,14.141,14.058,13.982,13.929
NaN,24.366,23.256,21.954,20.548,19.231,18.098,17.19,16.483,15.946,15.503,15.163,14.899,14.686,14.511,14.358,14.254,14.151,14.068,13.997,13.935
NaN,24.36,23.254,21.97,20.565,19.255,18.12,17.2,16.5,15.943,15.513,15.176,14.914,14.69,14.518,14.369,14.257,14.152,14.065,13.995,13.936
NaN,24.356,23.26,21.957,20.548,19.253,18.138,17.226,16.523,15.956,15.531,15.191,14.919,14.711,14.527,14.384,14.26,14.167,14.08,14,13.939
NaN,24.337,23.217,21.978,20.607,19.303,18.16,17.244,16.538,15.973,15.54,15.198,14.935,14.721,14.551,14.4,14.269,14.164,14.084,14.007,13.959
NaN,24.338,23.256,21.994,20.636,19.268,18.162,17.251,16.546,15.986,15.563,15.217,14.932,14.721,14.541,14.4,14.276,14.176,14.09,14.012,13.956
NaN,24.368,23.24,21.962,20.587,19.31,18.19,17.276,16.543,15.997,15.567,15.227,14.952,14.728,14.543,14.398,14.288,14.179,14.098,14.025,13.965
